0000000
0000001
0000001
0000010
0000010
0000011
0000011
0000100
0000100
0000101
0000101
0000110
0000110
0000111
0000111
0001000
0001000
0001001
0001001
1000000
1000000
1000001
1000001
1000010
1000010
1000011
1000100
0010000
0010001
0010001
0010010
0010010
0010011
0010011
0010100
0010100
0010101
0010101
0010110
0010110
0010111
0010111
0011000
0011000
0011001
0011001
1010000
1010000
1010001
1010001
1010010
1010010
1010011
1010100
0100000
0100001
0100001
0100010
0100010
0100011
0100011
0100100
0100100
0100101
0100101
0100110
0100110
0100111
0100111
0101000
0101000
0101001
0101001
1100000
1100000
1100001
1100001
1100010
1100010
1100011
1100100
0110000
0110001
0110001
0110010
0110010
0110011
0110011
0110100
0110100
0110101
0110101
0110110
0110110
0110111
0110111
0111000
0111000
0111001
0111001
1110000
1110000
1110001
1110001
1110010
1110010
1110011
1110100